10
17
13
27
23
12
26
27
27
24
10
15
20
16
43
22
21
11
27
22
19
29
21
12
17
12
13
24
21
21
18
12
15
17
22
27
20
11
11
22
16
72
20
25
24
14
27
28
28
17
17
12
13
15
23
22
24
27
10
13
27
20
23
10
92
26
26
80
26
14
15
26
76
10
21
19
17
12
25
27
14
27
26
23
69
16
22
83
26
17
20
27
17
11
11
12
18
16
28
17
23
13
21
24
11
13
20
13
16
14
18
12
27
27
12
30
25
22
21
22
24
27
25
19
11
27
20
28
26
26
15
12
17
28
29
12
28
20
26
20
22
19
12
29
12
16
14
8
21
24
19
26
27
13
17
13
14
29
20
18
18
6
23
11
14
18
24
23
13
14
21
14
11
11
16
13
27
23
95
17
15
10
20
23
17
13
11
17
24
17
16
18
18
26
27
10
18
18
29
20
26
28
11
10
27
16
12
42
13
19
23
19
16
22
15
19
10
16
28
20
24
26
15
19
29
17
17
14
17
78
12
28
22
17
10
13
17
26
27
13
24
27
24
26
27
15
25
17
18
26
17
12
17
20
12
17
14
12
20
23
23
28
2
28
10
38
23
27
17
18
10
22
24
79
22
10
23
24
18
16
20
22
23
12
27
21
12
11
17
10
17
13
16
18
15
13
15
13
19
22
16
17
19
29
28
21
21
20
23
13
21
24
23
26
34
27
24
28
17
12
24
24
22
25
15
21
20
29
18
26
10
23
17
25
10
17
17
28
27
23
70
24
18
16
27
88
16
18
26
13
19
15
27
11
70
14
25
10
25
20
11
25
12
12
11
28
10
15
23
29
26
24
28
39
11
13
26
18
15
27
10
29
11
19
24
17
80
16
27
14
18
15
29
28
56
19
18
25
29
23
29
12
28
10
86
28
15
24
23
55
25
60
20
13
20
25
22
27
12
20
22
10
27
11
21
25
11
27
19
25
29
15
10
12
13
13
14
19
18
25
31
14
29
14
18
23
26
10
19
28
62
24
21
27
20
17
17
23
25
22
14
11
28
13
24
24
14
14
18
22
20
27
20
25
11
17
19
95
13
13
19
5
11
21
17
28
15
12
22
17
28
24
24
10
24
86
12
21
38
23
24
16
61
22
28
19
22
28
11
95
19
17
21
16
14
11
24
21
12
41
15
27
21
18
18
61
37
20
24
18
17
22
71
22
27
21
18
21
17
29
27
29
12
24
38
13
11
25
17
14
21
27
14
13
29
18
21
24
46
21
21
18
13
58
16
29
6
17
72
27
16
17
14
29
14
69
15
10
21
17
10
11
23
12
21
13
17
5
26
10
25
23
25
24
12
14
18
28
20
29
24
23
13
27
16
17
24
13
20
21
87
8
12
13
21
27
27
13
23
11
76
13
16
25
13
27
18
23
29
27
18
18
19
44
14
22
10
26
23
15
20
28
11
29
12
23
24
16
13
13
28
19
22
7
19
98
18
13
23
22
17
21
11
24
40
28
23
22
20
29
21
13
28
12
19
17
15
13
16
44
14
14
15
12
25
28
24
28
29
20
12
19
28
26
24
11
19
12
26
28
11
28
20
26
11
20
10
15
24
67
15
19
20
11
20
13
22
29
20
14
39
89
14
12
22
20
26
23
10
15
43
62
14
19
13
27
26
20
29
22
15
29
15
11
17
78
24
17
25
24
28
59
22
23
25
14
11
21
13
26
19
15
26
23
17
21
53
26
22
47
20
91
14
19
60
14
25
10
2
14
29
13
17
11
29
13
25
10
28
14
10
17
15
12
21
26
26
22
11
21
10
12
13
20
21
15
24
61
14
24
16
16
20
65
27
11
16
11
20
21
22
22
15
25
26
12
12
15
20
20
19
23
24
11
21
23
11
22
15
18
24
12
21
28
14
21
12
26
20
17
3
25
27
18
16
36
25
14
24
24
87
40
12
19
15
15
26
16
17
10
28
27
12
22
92
23
28
20
24
26
27
15
14
11
26
15
17
26
12
27
19
12
15
28
29
29
28
10
28
16
23
10
27
19
22
12
15
25
20
20
20
21
16
26
20
13
17
11
22
23
15
28
16
25
59
19
12
64
17
21
19
25
10
23
18
22
22
27
27
22
27
29
13
13
20
21
16
22
11
20
26
29
14
29
22
94
28
26
28
10
13
74
10
18
99
17
28
26
29
22
17
13
24
14
16
29
94
14
27
25
20
58
43
18
16
35
17
38
16
25
21
18
28
22
22
14
19
10
24
25
