14
12
13
18
11
11
18
20
17
14
24
13
24
25
26
27
28
29
30
31
32
33
34
35
36
37
38
39
40
41
42
43
44
45
46
47
48
49
50
51
52
53
54
23
23
24
14
19
15
69
12
13
21
12
25
26
27
28
29
30
31
32
33
34
35
36
37
38
39
40
41
42
43
44
45
46
47
48
49
50
51
52
53
54
20
23
16
20
61
14
14
21
15
11
20
21
20
19
61
19
24
20
20
11
15
10
13
15
20
11
10
17
20
16
13
15
10
24
12
21
24
24
20
23
18
13
14
16
13
13
11
25
26
27
28
29
30
31
32
33
34
35
36
37
38
39
40
41
42
43
44
45
46
47
48
49
50
51
52
53
54
24
13
17
10
17
23
14
19
20
24
13
18
24
18
82
15
14
17
23
24
16
13
11
11
10
19
25
26
27
28
29
30
31
32
33
34
35
36
37
38
39
40
41
42
43
44
45
46
47
48
49
50
51
52
53
54
19
17
14
24
21
13
16
22
20
18
22
23
15
13
18
16
13
17
15
21
12
12
24
7
11
22
25
26
27
28
29
30
31
32
33
34
35
36
37
38
39
40
41
42
43
44
45
46
47
48
49
50
51
52
53
54
11
18
20
17
18
18
14
25
26
27
28
29
30
31
32
33
34
35
36
37
38
39
40
41
42
43
44
45
46
47
48
49
50
51
52
53
54
22
24
13
15
15
13
20
23
16
10
11
22
12
13
24
24
24
12
13
21
14
23
18
12
11
6
11
19
10
17
16
20
14
11
22
15
14
11
17
11
25
26
27
28
29
30
31
32
33
34
35
36
37
38
39
40
41
42
43
44
45
46
47
48
49
50
51
52
53
54
19
10
11
13
16
14
16
22
13
19
14
25
26
27
28
29
30
31
32
33
34
35
36
37
38
39
40
41
42
43
44
45
46
47
48
49
50
51
52
53
54
16
15
20
15
17
40
17
15
16
13
20
21
17
11
16
14
21
17
16
23
22
22
11
20
10
20
22
14
18
17
20
15
14
14
15
13
11
15
21
20
24
12
16
16
20
19
16
13
22
23
13
23
40
19
17
21
19
11
15
16
16
21
12
12
19
10
16
17
21
11
13
18
19
18
14
15
22
16
22
10
23
11
22
23
12
23
15
12
14
65
11
16
83
13
13
17
20
20
16
24
17
22
17
23
13
17
15
23
20
20
11
17
25
26
27
28
29
30
31
32
33
34
35
36
37
38
39
40
41
42
43
44
45
46
47
48
49
50
51
52
53
54
21
14
14
11
12
21
20
13
13
10
23
11
22
24
23
20
10
15
12
17
11
21
40
20
19
21
25
26
27
28
29
30
31
32
33
34
35
36
37
38
39
40
41
42
43
44
45
46
47
48
49
50
51
52
53
54
13
21
22
63
20
10
12
16
22
9
25
26
27
28
29
30
31
32
33
34
35
36
37
38
39
40
41
42
43
44
45
46
47
48
49
50
51
52
53
54
10
16
18
16
19
11
22
19
20
16
10
11
14
12
21
25
26
27
28
29
30
31
32
33
34
35
36
37
38
39
40
41
42
43
44
45
46
47
48
49
50
51
52
53
54
18
12
23
22
16
21
17
17
12
19
21
23
25
26
27
28
29
30
31
32
33
34
35
36
37
38
39
40
41
42
43
44
45
46
47
48
49
50
51
52
53
54
25
26
27
28
29
30
31
32
33
34
35
36
37
38
39
40
41
42
43
44
45
46
47
48
49
50
51
52
53
54
12
18
20
16
23
18
13
51
14
11
13
21
19
99
22
24
15
10
20
14
13
18
24
16
21
12
19
12
15
23
14
12
12
15
22
14
22
21
23
13
10
12
25
26
27
28
29
30
31
32
33
34
35
36
37
38
39
40
41
42
43
44
45
46
47
48
49
50
51
52
53
54
21
11
10
13
15
11
23
25
12
22
17
16
10
15
14
19
14
17
12
22
22
16
18
19
12
25
26
27
28
29
30
31
32
33
34
35
36
37
38
39
40
41
42
43
44
45
46
47
48
49
50
51
52
53
54
22
17
13
20
22
13
49
23
15
24
15
19
22
14
10
18
19
21
23
19
11
11
16
15
16
83
18
22
23
21
10
16
19
25
26
27
28
29
30
31
32
33
34
35
36
37
38
39
40
41
42
43
44
45
46
47
48
49
50
51
52
53
54
19
24
11
21
90
15
13
22
16
12
16
23
20
17
14
25
26
27
28
29
30
31
32
33
34
35
36
37
38
39
40
41
42
43
