11
12
12
18
11
19
21
20
24
10
13
52
21
18
14
11
19
17
15
11
20
17
10
20
11
11
16
24
11
16
24
12
14
14
14
12
20
20
18
22
18
16
16
87
17
13
11
23
18
18
20
18
22
12
24
16
20
23
23
15
24
11
16
23
17
10
19
22
16
19
22
12
19
22
18
24
16
19
10
16
19
16
24
21
21
14
10
22
14
23
11
29
21
23
21
20
17
23
17
23
10
12
21
12
18
10
24
23
10
24
13
23
16
11
13
19
23
18
12
14
21
10
12
22
28
20
20
10
22
17
20
22
14
14
21
16
23
14
14
23
19
18
47
19
14
17
14
23
20
24
13
22
10
22
16
20
10
14
16
21
21
24
21
18
17
20
14
23
18
11
21
22
24
20
20
15
23
22
15
14
11
23
19
11
13
23
18
10
12
13
19
17
23
22
15
12
10
14
22
22
22
11
16
16
17
10
21
10
22
13
10
13
24
12
18
12
10
14
18
15
20
43
62
13
24
16
13
12
10
12
21
10
20
18
19
84
23
21
17
18
21
21
10
20
18
19
16
11
19
11
17
13
23
13
16
10
24
24
13
20
11
20
11
11
11
20
14
10
12
23
22
16
11
24
23
20
15
19
21
23
11
17
16
17
20
12
21
23
16
17
20
19
15
23
23
24
24
24
10
20
21
18
19
13
85
18
21
16
13
20
16
23
19
20
18
23
12
17
15
6
18
16
11
22
11
17
17
10
16
18
11
19
24
13
17
46
23
17
22
17
15
11
20
15
20
37
15
10
17
21
16
19
11
16
23
21
22
24
20
22
17
18
17
21
24
19
18
24
19
23
16
19
18
16
88
14
15
57
12
21
18
21
15
24
13
19
20
20
21
12
21
21
15
19
20
20
23
24
22
11
12
10
22
14
12
21
13
10
17
23
18
21
16
22
21
20
16
22
40
6
14
23
23
13
21
15
18
13
13
12
9
12
11
16
14
19
10
21
10
15
22
19
14
19
11
15
12
22
16
16
13
20
15
22
17
96
1
15
24
24
10
15
22
16
21
24
22
22
17
24
15
11
22
10
13
22
20
11
23
21
20
11
12
21
11
12
18
23
14
17
16
16
18
21
22
10
11
18
22
19
62
56
60
52
52
62
58
60
60
62
60
50
58
50
59
58
54
61
55
64
58
52
63
51
62
50
64
70
58
60
51
59
55
60
51
51
55
55
54
52
55
56
55
53
60
63
60
64
57
54
51
59
54
52
53
64
61
50
60
59
62
64
54
58
62
56
62
63
57
51
58
53
62
87
58
52
59
52
57
50
57
54
50
58
55
64
50
60
61
81
63
59
52
56
60
51
56
28
55
55
57
50
52
53
60
52
55
63
53
55
57
57
52
56
50
59
60
64
50
64
56
59
64
60
51
59
61
63
52
63
59
54
60
57
51
56
50
63
60
52
52
59
64
58
51
52
58
64
60
58
63
58
62
62
59
64
61
56
57
64
54
58
53
61
59
58
60
62
55
56
54
58
55
60
53
62
52
58
54
62
61
63
61
62
52
58
55
59
61
56
0
63
64
51
53
59
56
56
58
59
62
60
50
60
58
50
58
53
60
53
52
54
55
56
58
61
51
61
64
55
35
53
56
54
58
51
55
62
54
63
54
56
62
55
58
64
50
54
60
53
53
56
66
61
53
56
63
58
57
53
54
61
64
61
61
54
53
63
52
51
60
63
62
50
55
57
64
63
52
65
53
52
62
58
55
60
57
89
55
50
56
55
63
58
54
59
52
53
62
63
57
52
87
51
62
56
53
61
62
56
64
58
55
54
63
56
52
63
63
57
54
58
62
50
55
59
59
58
62
55
57
57
56
57
52
60
55
59
63
51
53
60
54
56
57
55
58
52
63
61
54
61
53
51
64
58
62
62
13
52
64
54
61
60
58
50
55
55
57
69
58
61
59
60
64
58
58
55
53
57
56
54
58
63
54
50
57
57
62
54
62
55
64
56
61
56
53
56
58
64
61
54
58
56
51
54
57
54
57
50
58
51
52
61
51
57
56
62
55
62
51
52
62
58
53
54
63
62
56
57
50
61
58
53
60
41
61
64
51
60
55
63
51
56
52
59
62
50
61
59
62
52
60
64
97
50
52
62
57
58
62
64
53
56
52
50
57
58
53
58
61
63
64
52
52
63
55
62
56
64
63
59
61
58
53
57
52
55
55
58
50
52
50
57
50
63
57
61
50
59
50
53
64
51
60
58
64
55
50
54
